1 0 2652576 1
1 0 2736260 1
1 0 1515480 0
1 0 3717901 0
1 0 1149724 1
1 0 2491407 0
1 0 3500297 0
1 0 3090092 0
1 0 1359497 0
1 0 1468219 0
1 0 3208178 3
1 0 3210030 3
1 0 1348579 0
1 0 331825 0
1 0 1792114 0
1 0 2476717 0
1 0 1488378 0
1 0 358746 0
1 0 4172500 3
1 0 2319690 0
1 0 1575021 1
1 0 2406541 0
1 0 2292199 0
1 0 1588660 1
1 0 1415256 0
1 0 1533796 0
1 0 2470322 0
1 0 2004715 1
1 0 103549 3
1 0 1438395 2
1 0 1969786 1
1 0 1700129 1
1 0 2567072 1
1 0 1883411 1
1 0 106843 0
1 0 553224 1
1 0 893298 0
1 0 1586639 0
1 0 219732 2
1 0 4030137 2
1 0 2778890 2
1 0 2778889 2
1 0 2783621 2
1 0 804881 2
1 0 2649076 3
1 0 2711484 1
1 0 3162382 2
1 0 4029372 2
1 0 2036991 0
1 0 1479548 0
1 0 3330718 1
1 0 104200 3
1 0 1342084 2
1 0 3521690 0
1 0 1087875 0
1 0 106448 0
1 0 2750406 0
1 0 2006016 0
1 0 2026052 2
1 0 3419199 0
1 0 105116 1
1 0 3529054 0
1 0 1869034 0
1 0 104671 2
1 0 1757408 0
1 0 1869193 1
1 0 4149703 3
1 0 104673 0
1 0 2265837 2
1 0 1774726 1
1 0 1252535 1
1 0 4177441 2
1 0 4181062 2
1 0 2715858 3
1 0 2709786 3
1 0 3219221 2
1 0 2682096 3
1 0 2714035 2
1 0 2827944 2
1 0 4183749 2
1 0 2720553 2
1 0 4171316 1
1 0 2817778 1
1 0 2671293 2
1 0 3204654 2
1 0 4089117 1
1 0 3204919 0
1 0 2830476 1
1 0 2671004 0
1 0 1719482 3
1 0 103644 0
1 0 103631 0
1 0 1493808 0
1 0 1222768 2
1 0 237449 0
1 0 1341889 0
1 0 3146482 0
1 0 1985404 0
1 0 1953798 1
1 0 2149912 0
1 0 1473504 0
1 0 1686881 0
1 0 887407 0
1 0 2183823 0
1 0 2087415 0
1 0 1493865 0
1 0 516943 0
1 0 2392161 0
1 0 1672651 0
1 0 1811597 0
1 0 160472 0
1 0 2498879 0
1 0 888206 0
1 0 2228004 0
1 0 2704949 1
1 0 2380267 0
1 0 2227676 1
1 0 759784 0
1 0 72179 0
1 0 2933282 0
1 0 1396308 0
1 0 4033483 0
1 0 3546615 0
1 0 1057143 0
1 0 20906 0
1 0 2631205 0
1 0 2472827 0
1 0 111555 0
1 0 2376020 0
1 0 504444 0
1 0 2334566 0
1 0 3072894 0
1 0 1202648 0
1 0 597853 0
1 0 2060879 0
1 0 2415867 0
1 0 1896273 0
1 0 1169398 0
1 0 2623020 0
1 0 730881 0
1 0 2778675 0
1 0 1297612 1
1 0 682436 1
1 0 1891116 0
1 0 865027 0
1 0 3192417 0
1 0 1516741 0
1 0 1584674 0
1 0 1583438 0
1 0 2080539 0
1 0 771197 1
1 0 1662499 1
1 0 2498547 1
1 0 1451520 0
1 0 3195166 2
1 0 2355555 1
1 0 1574466 0
1 0 1526830 1
1 0 1883691 0
1 0 3260788 0
1 0 111159 2
1 0 1735954 2
1 0 2429181 1
1 0 2477954 0
1 0 2568811 0
1 0 1464990 0
1 0 1322827 0
1 0 876939 0
1 0 884383 1
1 0 98429 0
1 0 102956 0
1 0 4155281 0
1 0 1894316 0
1 0 1411806 1
1 0 2099081 1
1 0 282361 0
1 0 1516505 0
1 0 1911453 1
1 0 1010178 0
1 0 749312 0
1 0 3010320 0
1 0 1248167 1
1 0 2357410 0
1 0 463194 0
1 0 884384 1
1 0 884385 1
1 0 4033256 2
1 0 4162334 2
1 0 3212789 0
1 0 2720241 2
1 0 3170828 2
1 0 1807610 0
1 0 2808350 2
1 0 4167900 2
1 0 2680064 1
1 0 1789065 1
1 0 1432386 2
1 0 616964 3
1 0 3178327 2
1 0 2257690 0
1 0 1589896 0
1 0 1929526 0
1 0 108763 0
1 0 1491934 1
1 0 1088244 1
1 0 1550456 0
1 0 1827620 0
1 0 494722 0
1 0 1919 0
1 0 4195400 2
1 0 4018046 1
1 0 4017410 1
1 0 2796933 1
1 0 2900080 1
1 0 4150242 1
1 0 4155347 1
1 0 2786037 1
1 0 2792464 1
1 0 4182528 1
1 0 2826291 1
1 0 2791338 1
1 0 2800825 1
1 0 2680890 1
1 0 2772008 1
1 0 4034958 3
1 0 4156893 3
1 0 2708800 1
1 0 2471147 0
3 0 3123730 1
3 0 75726 0
3 0 780682 0
3 0 2474995 0
3 0 63765 0
3 0 789559 0
3 0 539181 0
3 0 69187 0
3 0 3162143 2
3 0 3207115 1
3 0 2967361 0
3 0 3013006 0
3 0 782506 0
3 0 1719077 0
3 0 3050042 0
3 0 1366926 0
3 0 149007 1
3 0 3049692 2
3 0 1639109 1
3 0 3050958 0
3 0 2476015 1
3 0 3054410 0
3 0 2797840 0
3 0 3014066 2
3 0 613100 0
3 0 3049586 0
3 0 1686039 0
3 0 4065704 1
3 0 4040778 2
3 0 4050204 2
3 0 3212619 1
3 0 4119178 2
3 0 2796503 0
3 0 1445125 2
3 0 2268797 1
3 0 786627 0
3 0 2747810 0
3 0 1052780 0
3 0 2507315 2
3 0 2598129 2
3 0 2829241 0
3 0 3050931 2
3 0 2509069 1
3 0 3150340 0
3 0 2142008 0
3 0 1684716 0
3 0 1940044 2
3 0 1436159 1
3 0 4193169 1
3 0 4193312 1
3 0 4194999 1
3 0 4195105 1
3 0 4197047 1
3 0 4197157 1
3 0 4198851 1
3 0 4168363 3
3 0 2370261 0
3 0 4026141 2
3 0 4027858 2
3 0 4159620 1
3 0 4159810 1
3 0 2668993 0
3 0 3047634 0
3 0 2050762 0
3 0 2967549 0
3 0 812450 0
3 0 215496 2
3 0 215694 2
3 0 2959735 2
3 0 4186560 2
3 0 2796402 0
3 0 2533034 0
3 0 145683 0
3 0 1288017 1
3 0 543101 2
3 0 3184830 0
3 0 2543212 2
3 0 892694 3
3 0 2824943 3
3 0 1057795 3
3 0 2701813 3
3 0 2012281 3
3 0 2797939 3
3 0 2809257 3
3 0 3135613 3
3 0 1085651 2
3 0 3185601 3
3 0 3181216 2
3 0 3048580 2
3 0 222961 2
3 0 2151112 2
3 0 3182186 1
3 0 4027033 1
3 0 1051837 0
3 0 4053725 2
3 0 2651310 2
3 0 624814 2
3 0 2642690 2
3 0 2444337 2
3 0 891475 1
3 0 3201010 3
3 0 3169029 2
3 0 1148229 0
3 0 2362130 0
3 0 2910667 0
3 0 2851818 0
3 0 3070215 0
3 0 1764558 0
3 0 3167369 1
3 0 2791155 2
3 0 2679074 2
3 0 4090900 1
3 0 2077836 2
3 0 4071243 0
3 0 2285487 0
3 0 554095 0
3 0 3201043 3
3 0 3202864 3
3 0 4115793 0
3 0 1898493 1
3 0 1753010 0
3 0 2851817 0
3 0 4109716 0
3 0 1176141 0
3 0 2917622 1
3 0 2917623 1
3 0 3145261 2
3 0 2452902 0
3 0 775187 0
3 0 2457903 0
3 0 29556 0
3 0 780246 0
3 0 795247 0
3 0 1479833 0
3 0 2150242 0
3 0 2735282 0
3 0 3438711 0
3 0 1971598 1
3 0 2444591 0
3 0 2775259 1
3 0 2466998 0
3 0 3011057 0
3 0 2326879 1
3 0 2762748 2
3 0 1355808 1
3 0 3178585 0
3 0 706911 1
3 0 1835247 1
3 0 3066461 1
3 0 2682671 1
3 0 1975392 2
3 0 4066921 0
3 0 4072315 0
3 0 3157706 0
3 0 2472885 3
3 0 4152809 0
3 0 3188728 3
3 0 2574487 1
3 0 3169946 2
3 0 4174196 0
3 0 4150255 0
3 0 4182257 1
3 0 4199183 0
3 0 4190425 0
3 0 4195159 0
3 0 4164259 0
3 0 2147429 0
3 0 1037676 0
3 0 2981945 0
3 0 1052961 0
3 0 3172233 0
3 0 1051480 0
3 0 1050080 0
3 0 755607 0
3 0 1357890 0
3 0 4180367 1
3 0 2976458 0
3 0 2572223 0
3 0 1051623 0
3 0 1048176 0
3 0 2286097 0
3 0 2730649 0
3 0 1404602 0
3 0 1050784 0
3 0 1050622 0
3 0 1711418 0
3 0 3202941 0
3 0 1292782 0
3 0 1666533 0
3 0 1034185 0
3 0 1465084 1
3 0 627351 2
3 0 1616555 0
3 0 2348264 2
3 0 995922 0
3 0 579482 0
3 0 3011407 0
3 0 768126 0
3 0 1290134 2
3 0 1160537 1
3 0 4022745 0
3 0 2043349 0
3 0 2700735 0
3 0 1828711 1
3 0 2735162 1
3 0 2791231 1
3 0 856004 0
3 0 202144 0
3 0 2824933 1
3 0 51139 1
3 0 537190 0
3 0 2752260 2
3 0 2185642 2
3 0 2113380 1
3 0 3005108 2
3 0 2781817 1
3 0 2774227 1
3 0 807254 1
3 0 2773350 1
3 0 2283368 0
3 0 1670392 0
3 0 1518383 0
3 0 803896 0
3 0 2732304 0
3 0 3123728 1
3 0 707601 0
3 0 3189444 1
3 0 2282955 0
3 0 2824889 1
3 0 2533812 0
9 0 2541509 0
9 0 165234 0
9 0 1882039 0
9 0 149223 0
9 0 2919694 0
9 0 1677283 0
9 0 1180956 0
9 0 2580653 0
9 0 3044038 0
9 0 2810729 2
9 0 2812077 2
9 0 900765 0
9 0 1253100 0
9 0 148810 0
9 0 2336135 0
9 0 2255685 0
9 0 692018 0
9 0 1981761 0
9 0 803457 0
9 0 2280526 1
9 0 2625275 0
9 0 892142 0
9 0 2799186 0
9 0 1520174 0
9 0 1740783 0
9 0 1589896 0
9 0 2532703 0
9 0 1844712 0
9 0 419668 0
9 0 202227 3
9 0 1556536 0
9 0 1537805 0
9 0 1955439 0
9 0 4057684 0
9 0 1669781 0
9 0 2621378 1
9 0 1301152 3
9 0 330076 0
9 0 849110 0
9 0 1982130 0
9 0 1881773 0
9 0 4120384 0
9 0 622981 0
9 0 2324776 0
9 0 3033394 0
9 0 1807898 0
9 0 2631221 0
9 0 4181086 0
9 0 773879 0
9 0 4181087 0
9 0 1458191 0
9 0 396893 0
9 0 1463493 0
9 0 1839936 0
9 0 421796 0
9 0 2583901 0
9 0 1880125 0
9 0 1952110 1
9 0 1662138 0
9 0 791651 0
9 0 790512 0
9 0 3030730 0
9 0 3032027 0
9 0 1737720 0
9 0 899990 0
9 0 2258420 0
9 0 1746032 0
9 0 3045818 0
9 0 858078 0
9 0 1395967 0
9 0 2080358 0
9 0 1127774 0
9 0 3378285 0
9 0 2470801 0
9 0 502719 0
9 0 462546 0
9 0 1928495 0
9 0 552823 0
9 0 1601326 0
9 0 2392804 0
9 0 1104877 0
9 0 1406168 0
9 0 2145189 0
9 0 2362977 0
9 0 2476623 0
9 0 2532471 0
9 0 2625969 0
9 0 758526 0
9 0 795138 0
9 0 3038058 0
9 0 2621995 0
9 0 4194486 0
9 0 2688924 0
9 0 171426 0
9 0 2511965 3
9 0 3170349 1
9 0 595555 1
9 0 4110315 0
9 0 2813050 3
9 0 2633213 1
9 0 2526793 2
9 0 2442194 0
9 0 3331851 2
9 0 1413920 1
9 0 892654 1
9 0 2571052 0
9 0 3353232 3
9 0 1905093 0
9 0 2599008 0
9 0 4119609 0
9 0 2262696 0
9 0 2250486 0
9 0 2449926 0
9 0 985011 0
9 0 2799844 0
9 0 1991534 3
9 0 2758028 0
9 0 215071 2
9 0 214949 2
9 0 787318 0
9 0 2562620 1
9 0 2510769 0
9 0 3050031 1
9 0 2470727 0
9 0 3347940 0
9 0 2530945 0
9 0 2589417 0
9 0 2416094 0
9 0 3338086 3
9 0 2590344 0
9 0 3333461 1
9 0 3330368 0
9 0 577591 1
9 0 663719 1
9 0 161479 0
9 0 1236791 0
9 0 2766022 0
9 0 2485196 0
9 0 2967416 0
9 0 2752626 0
9 0 112657 2
9 0 1516083 0
9 0 740020 0
9 0 2515445 0
9 0 773796 0
9 0 23536 0
9 0 2675751 1
9 0 684411 0
9 0 680033 0
9 0 750649 0
9 0 1879611 0
9 0 747240 0
9 0 112641 0
9 0 706080 0
9 0 118212 0
9 0 1398093 0
9 0 493328 0
9 0 788922 0
9 0 2470588 0
9 0 3043139 0
9 0 4022553 0
9 0 2509377 0
9 0 474293 0
9 0 811866 2
9 0 815282 2
9 0 2642653 0
9 0 2651312 0
9 0 2257690 0
9 0 118134 0
9 0 2652937 0
9 0 2569979 0
9 0 156683 0
9 0 1199656 0
9 0 1438862 0
9 0 73879 0
9 0 73878 0
9 0 2342759 3
9 0 1035305 0
9 0 162388 0
9 0 1408551 0
9 0 201531 0
9 0 522982 0
9 0 756405 0
9 0 3045390 0
9 0 2717466 2
9 0 777780 0
9 0 2815059 0
9 0 1679853 3
9 0 2486365 2
9 0 3053958 3
9 0 1286401 3
9 0 3352503 3
9 0 1476865 3
9 0 3327883 3
9 0 2268081 3
9 0 3183350 3
9 0 4162936 3
9 0 1882920 0
9 0 807751 0
9 0 3354492 0
9 0 3330549 1
9 0 1250857 3
9 0 1609992 0
9 0 804668 1
9 0 836565 0
9 0 2308752 0
9 0 4126715 0
19 0 2519632 0
19 0 1242908 0
19 0 1314281 0
19 0 255315 0
19 0 2599337 0
19 0 1138700 0
19 0 1754499 0
19 0 2294148 0
19 0 1210620 0
19 0 2679272 0
19 0 175044 0
19 0 2639373 0
19 0 2581095 0
19 0 2515919 0
19 0 1450647 0
19 0 1181011 0
19 0 2598375 0
19 0 1038431 0
19 0 1186141 0
19 0 170667 0
19 0 2576404 0
19 0 4180452 0
19 0 775520 0
19 0 1925699 0
19 0 861094 0
19 0 2264382 0
19 0 2507874 0
19 0 1157231 0
19 0 458688 0
19 0 788081 0
19 0 2971353 0
19 0 2568248 0
19 0 3012909 0
19 0 782949 0
19 0 4193672 0
19 0 4046422 0
19 0 2595410 0
19 0 2548650 0
19 0 1908627 0
19 0 1044141 0
19 0 2654389 0
19 0 1718240 0
19 0 2469305 0
19 0 615613 0
19 0 2090878 0
19 0 580314 0
19 0 2071758 0
19 0 2206642 0
19 0 1642110 0
19 0 3306903 0
19 0 327592 0
19 0 2028076 0
19 0 2286163 0
19 0 1213876 0
19 0 1874299 0
19 0 3219177 0
19 0 780117 0
19 0 2921068 0
19 0 105194 0
19 0 2896041 0
19 0 2639212 0
19 0 520997 0
19 0 2382385 2
19 0 2708586 1
19 0 438869 1
19 0 4167337 0
19 0 4171613 0
19 0 4172458 3
19 0 2637903 0
19 0 166296 0
19 0 1233912 0
19 0 3217541 0
19 0 2134283 0
19 0 727894 0
19 0 153958 0
19 0 3008822 0
19 0 2916025 0
19 0 2880262 0
19 0 2680792 0
19 0 2633076 0
19 0 1210950 0
19 0 682288 0
19 0 2640582 0
19 0 3152753 0
19 0 2757225 0
19 0 215753 0
19 0 77948 0
19 0 684373 0
19 0 3137374 1
19 0 1831289 0
19 0 1857405 0
19 0 2073981 0
19 0 161837 0
19 0 112914 1
19 0 2454029 0
19 0 145860 0
19 0 3152697 0
19 0 592207 0
19 0 1922466 0
19 0 1346532 0
19 0 2599925 0
19 0 2049302 1
19 0 1145352 0
19 0 2796334 0
19 0 170418 0
19 0 219115 0
19 0 205184 0
19 0 815200 0
19 0 155117 0
19 0 169876 0
19 0 1746791 0
19 0 4179139 0
19 0 159874 0
19 0 4172500 0
19 0 219097 0
19 0 795801 2
19 0 2654756 0
19 0 2654533 0
19 0 2658848 0
19 0 760871 0
19 0 168611 0
19 0 1980302 0
19 0 2518846 0
19 0 2581867 0
19 0 157343 0
19 0 1953597 0
19 0 1037989 0
19 0 2653571 0
19 0 2639496 0
19 0 111713 1
19 0 2714939 1
19 0 2525232 0
19 0 3162649 0
19 0 3101594 1
19 0 2541544 1
19 0 2245028 0
19 0 112775 2
19 0 2935070 1
19 0 2628566 0
19 0 2371617 0
19 0 2334566 2
19 0 112808 0
19 0 4162955 1
19 0 118018 2
19 0 1886379 0
19 0 343993 0
19 0 341530 0
19 0 3342617 0
19 0 1416933 0
19 0 2147904 0
19 0 338717 0
19 0 490016 0
19 0 1733033 1
19 0 471298 0
19 0 1427726 0
19 0 2294700 1
19 0 1333335 0
19 0 360463 0
19 0 4067692 0
19 0 1549688 0
19 0 1792114 0
19 0 2104041 0
19 0 776768 0
19 0 1233766 0
19 0 567765 0
19 0 572308 0
19 0 1570201 0
19 0 3258359 0
19 0 1587546 0
19 0 1687438 0
19 0 2542170 0
19 0 299014 0
19 0 2374528 0
19 0 1376426 0
19 0 1094864 0
19 0 1429491 0
19 0 3233472 0
19 0 4161362 3
19 0 3164794 3
19 0 3164767 3
19 0 3779629 0
19 0 1224050 0
19 0 2825459 0
19 0 3770923 0
19 0 2171664 0
19 0 4124860 0
19 0 3717901 0
19 0 1567036 0
19 0 3500297 0
19 0 3213786 0
19 0 574983 0
19 0 2380666 0
19 0 2637666 0
19 0 855754 0
19 0 2978318 0
19 0 2665806 0
19 0 2138569 0
19 0 4048905 0
19 0 178306 0
19 0 178210 0
19 0 551327 0
19 0 2022203 0
19 0 2121855 0
19 0 1386046 0
19 0 2823170 0
19 0 868882 0
19 0 1294711 0
19 0 775860 0
23 0 213250 0
23 0 4185398 0
23 0 2801435 2
23 0 69197 0
23 0 1312783 0
23 0 1056779 0
23 0 2601972 0
23 0 2600651 0
23 0 564998 0
23 0 3010184 0
23 0 3013717 0
23 0 2430346 0
23 0 205424 0
23 0 722376 0
23 0 1266518 0
23 0 2978384 0
23 0 2760249 0
23 0 178046 0
23 0 204367 0
23 0 3208123 0
23 0 601590 0
23 0 750098 0
23 0 2973722 0
23 0 69245 0
23 0 1958676 0
23 0 1270081 0
23 0 705198 0
23 0 2978789 0
23 0 801870 0
23 0 1434297 0
23 0 805384 0
23 0 4162535 0
23 0 2804671 0
23 0 4151832 0
23 0 2790213 0
23 0 2808501 0
23 0 2789928 0
23 0 2803249 0
23 0 2804677 0
23 0 2795703 0
23 0 2797292 0
23 0 3177197 0
23 0 3170730 0
23 0 4153482 0
23 0 2898269 0
23 0 3065514 1
23 0 2788685 0
23 0 2959751 0
23 0 2801433 0
23 0 3153112 0
23 0 2340814 0
23 0 2531801 0
23 0 2247736 1
23 0 112257 1
23 0 2522326 0
23 0 2632710 0
23 0 2294380 0
23 0 2159560 0
23 0 1948071 0
23 0 2156898 0
23 0 3014429 0
23 0 2744822 0
23 0 1524989 0
23 0 4013288 1
23 0 777936 3
23 0 118449 0
23 0 619869 1
23 0 2827211 0
23 0 1224431 3
23 0 3029755 0
23 0 3182124 2
23 0 3181934 2
23 0 3049981 0
23 0 145445 0
23 0 2811847 0
23 0 4181916 0
23 0 2729127 0
23 0 1572991 0
23 0 227707 0
23 0 1048116 0
23 0 2216749 0
23 0 2081917 0
23 0 1162408 0
23 0 809915 0
23 0 1715223 0
23 0 1465431 0
23 0 1642156 0
23 0 374302 0
23 0 4113685 0
23 0 1440842 0
23 0 1600628 0
23 0 2421658 0
23 0 534609 0
23 0 567403 0
23 0 2754482 0
23 0 4160557 0
23 0 1196437 0
23 0 3893975 0
23 0 2081555 0
23 0 2639117 0
23 0 3154416 0
23 0 1404868 0
23 0 1237902 0
23 0 1290488 0
23 0 2030698 0
23 0 1265725 0
23 0 4113704 0
23 0 622218 0
23 0 3280091 0
23 0 3316973 0
23 0 3901924 0
23 0 1246968 0
23 0 4157512 1
23 0 170063 0
23 0 203339 0
23 0 4174732 0
23 0 4172499 3
23 0 1379327 0
23 0 2999295 0
23 0 543109 0
23 0 1037765 1
23 0 1038344 1
23 0 3544336 0
23 0 437605 0
23 0 1255922 0
23 0 3648844 0
23 0 742870 0
23 0 742810 0
23 0 2758066 0
23 0 624045 1
23 0 628564 0
23 0 492732 0
23 0 2775273 0
23 0 2645952 1
23 0 579181 0
23 0 667826 0
23 0 461311 0
23 0 784962 0
23 0 430623 0
23 0 744672 0
23 0 1445427 0
23 0 4154128 0
23 0 580599 0
23 0 1404175 0
23 0 1609140 0
23 0 569184 0
23 0 583096 0
23 0 1039319 0
23 0 3066152 1
23 0 3030425 0
23 0 612965 0
23 0 2740378 0
23 0 2678042 0
23 0 1666426 0
23 0 2824595 0
23 0 4166315 0
23 0 4118058 0
23 0 3168007 0
23 0 4026394 0
23 0 1038647 1
23 0 282068 0
23 0 873363 0
23 0 2797909 0
23 0 385933 0
23 0 320382 0
23 0 1471680 0
23 0 1769826 0
23 0 313492 0
23 0 3293606 0
23 0 1545065 0
23 0 4123783 0
23 0 742425 0
23 0 88556 0
23 0 318191 0
23 0 1481373 0
23 0 4123373 0
23 0 745021 0
23 0 379569 0
23 0 3269322 0
23 0 1838629 0
23 0 1962598 0
23 0 2765209 0
23 0 1109572 0
23 0 2027135 0
23 0 2170400 0
23 0 1067291 0
23 0 475326 0
23 0 2018701 0
23 0 365804 0
23 0 2183951 0
23 0 1988780 0
23 0 3940616 0
23 0 2059839 0
23 0 1303315 0
23 0 2316744 0
23 0 2184323 0
23 0 1529591 0
23 0 2042479 0
23 0 1183023 0
23 0 3696000 0
23 0 2143540 0
23 0 1770985 0
23 0 2144357 0
23 0 2318470 0
23 0 2994349 0
23 0 769087 0
23 0 1972558 0
23 0 2415631 0
23 0 195025 0
23 0 2962209 0
23 0 1272946 0
23 0 2396202 0
23 0 3653659 0
23 0 2974833 3
23 0 2414477 0
23 0 2979660 0
23 0 2975279 0
23 0 2467094 0
23 0 2976916 0
23 0 2852490 0
23 0 4117725 0
23 0 4161419 3
23 0 2511002 0
23 0 4157799 0
23 0 2979867 0
23 0 2414348 0
23 0 2975812 0
23 0 3153107 0
23 0 3706085 0
23 0 2978479 3
23 0 1337023 0
23 0 687995 0
23 0 2981466 0
23 0 2400102 0
23 0 217605 1
23 0 2692645 0
23 0 2979941 2
23 0 2982107 0
23 0 183405 0
23 0 2980935 0
23 0 2981322 1
23 0 2982868 0
23 0 4103316 0
23 0 767897 0
23 0 2969274 2
23 0 2974189 0
23 0 2972916 0
23 0 792322 0
23 0 775920 3
23 0 170217 0
23 0 152622 0
23 0 1100 0
23 0 2973272 0
23 0 792929 0
23 0 2973193 0
23 0 616438 0
23 0 2493353 0
23 0 794498 0
25 0 1491536 0
25 0 3874237 1
25 0 685135 0
25 0 3064648 1
25 0 2225574 0
25 0 418727 0
25 0 1868337 0
25 0 719747 1
25 0 894456 0
25 0 1886420 1
25 0 1897671 1
25 0 1977926 0
25 0 3872726 1
25 0 33946 0
25 0 781254 0
25 0 4125842 3
25 0 1301325 0
25 0 795868 0
25 0 2007878 0
25 0 2303019 0
25 0 786332 0
25 0 198785 0
25 0 22013 2
25 0 3009497 2
25 0 3052012 0
25 0 1873126 0
25 0 2699153 0
25 0 170817 0
25 0 1704286 0
25 0 2172323 0
25 0 2813116 1
25 0 1316456 0
25 0 899300 0
25 0 2492107 0
25 0 1299719 0
25 0 2509111 0
25 0 1875507 0
25 0 4074025 0
25 0 2481689 0
25 0 1200529 0
25 0 2491433 0
25 0 743576 0
25 0 1980097 0
25 0 2196808 0
25 0 2412593 0
25 0 1955079 0
25 0 77394 0
25 0 2568514 0
25 0 2924944 0
25 0 595286 0
25 0 2042007 0
25 0 2627231 0
25 0 774392 2
25 0 34927 0
25 0 75969 2
25 0 75588 1
25 0 4168283 0
25 0 4168071 0
25 0 2272808 0
25 0 1965885 1
25 0 1040068 0
25 0 3170922 0
25 0 1039432 0
25 0 2642646 0
25 0 2982161 1
25 0 1279813 3
25 0 7377 0
25 0 2375525 1
25 0 2612723 0
25 0 2712648 0
25 0 3038880 0
25 0 4119472 0
25 0 2306838 0
25 0 504630 0
25 0 433833 0
25 0 2588273 0
25 0 2812358 1
25 0 1190218 0
25 0 1939073 0
25 0 3011724 2
25 0 4053271 0
25 0 1129537 0
25 0 59418 1
25 0 1439360 0
25 0 2501244 0
25 0 2022774 0
25 0 2249453 0
25 0 1752068 0
25 0 3738059 0
25 0 3093392 0
25 0 1022543 0
25 0 3069728 0
25 0 1192522 0
25 0 2347368 0
25 0 2924945 0
25 0 2983433 3
25 0 181598 2
25 0 695598 0
25 0 3011606 2
25 0 2562112 0
25 0 186331 0
25 0 788957 0
25 0 4162282 2
25 0 4161086 2
25 0 734683 0
25 0 779466 2
25 0 2682365 2
25 0 1980922 0
25 0 1442961 2
25 0 1200225 1
25 0 2583031 2
25 0 713089 0
25 0 2965804 2
25 0 692040 1
25 0 1346801 1
25 0 2924549 2
25 0 2924540 2
25 0 899184 0
25 0 2817214 2
25 0 2308305 0
25 0 1357623 0
25 0 162814 0
25 0 155877 0
25 0 1432302 0
25 0 1963402 0
25 0 4154036 1
25 0 2468360 1
25 0 2635771 1
25 0 2378407 1
25 0 449479 2
25 0 1038315 1
25 0 781757 2
25 0 164780 1
25 0 770484 1
25 0 2271229 1
25 0 3003429 0
25 0 784938 0
25 0 185098 0
25 0 758732 0
25 0 2381299 0
25 0 3052682 0
25 0 3161098 0
25 0 2519351 0
25 0 1714810 0
25 0 117872 1
25 0 755155 1
25 0 1107333 0
25 0 1863262 1
25 0 2287356 1
25 0 415700 0
25 0 2295869 2
25 0 3211503 2
25 0 2402730 0
25 0 2512198 1
25 0 26037 0
25 0 3009632 0
25 0 278893 0
25 0 112345 0
25 0 2315368 0
25 0 577672 0
25 0 276928 0
25 0 317260 0
25 0 27689 0
25 0 1387324 1
25 0 772648 0
25 0 590339 1
25 0 2401971 1
25 0 198454 1
25 0 1907613 2
25 0 2960389 1
25 0 1192548 1
25 0 4160985 3
25 0 3065825 3
25 0 1192534 1
25 0 616194 3
25 0 785457 1
25 0 3177483 3
25 0 2818499 3
25 0 1440265 0
25 0 3033222 0
25 0 3033150 0
25 0 3033147 0
25 0 1352334 0
25 0 237934 0
25 0 799830 0
25 0 2335260 1
25 0 390898 0
25 0 2979582 0
25 0 213248 0
25 0 112616 2
25 0 535616 1
25 0 1213090 0
25 0 2268896 0
25 0 1567347 0
25 0 1215398 0
25 0 2307910 0
25 0 1793953 0
25 0 3526541 0
25 0 3435525 0
25 0 3289867 0
25 0 3683720 0
25 0 1168981 0
25 0 1387905 0
25 0 1201309 1
25 0 1113232 0
25 0 4039770 1
25 0 4048977 0
25 0 2628951 0
31 0 2967671 0
31 0 4127189 0
31 0 4181048 0
31 0 4126850 0
31 0 3197723 0
31 0 4125802 0
31 0 112377 0
31 0 489058 0
31 0 4123796 0
31 0 2648369 0
31 0 628352 0
31 0 1084634 0
31 0 2268179 0
31 0 1000209 0
31 0 4188409 0
31 0 2502490 0
31 0 729950 0
31 0 1980718 0
31 0 2256920 0
31 0 2506775 0
31 0 1010562 0
31 0 3877538 0
31 0 2148256 0
31 0 4182534 0
31 0 4171869 1
31 0 4064940 0
31 0 1350186 0
31 0 1383882 0
31 0 1523623 0
31 0 2410760 0
31 0 1691523 0
31 0 2346197 0
31 0 1964219 0
31 0 164403 0
31 0 4123445 0
31 0 2241559 0
31 0 2608924 0
31 0 1951445 0
31 0 1899485 0
31 0 2599381 0
31 0 1999297 0
31 0 2244002 0
31 0 1194299 0
31 0 2160347 0
31 0 2185350 0
31 0 228335 0
31 0 1457190 0
31 0 1200196 0
31 0 1192795 0
31 0 221260 0
31 0 2646882 0
31 0 430891 0
31 0 1680805 0
31 0 2681318 0
31 0 1376597 0
31 0 370472 0
31 0 2412467 0
31 0 2078371 0
31 0 3164018 1
31 0 1807457 0
31 0 2686139 0
31 0 2996156 0
31 0 3161845 3
31 0 3651899 0
31 0 1593192 0
31 0 2378455 0
31 0 3176332 0
31 0 195853 0
31 0 2275105 0
31 0 867571 0
31 0 1896009 0
31 0 2500192 0
31 0 2197208 0
31 0 767873 0
31 0 574960 0
31 0 2175857 0
31 0 386036 0
31 0 2348797 0
31 0 1371995 1
31 0 2575114 0
31 0 2214954 0
31 0 3264101 0
31 0 1946401 0
31 0 2432372 0
31 0 472632 0
31 0 3260459 0
31 0 3575379 0
31 0 112090 1
31 0 2717125 1
31 0 111434 1
31 0 174856 1
31 0 2409841 1
31 0 112329 1
31 0 1060441 0
31 0 462373 0
31 0 523245 0
31 0 4037138 0
31 0 1426285 0
31 0 1335764 0
31 0 1038818 0
31 0 1445740 0
31 0 2212940 0
31 0 2292861 0
31 0 2418018 0
31 0 2963072 0
31 0 2004064 0
31 0 2400220 0
31 0 2632355 0
31 0 2598666 0
31 0 3182250 3
31 0 2003531 0
31 0 4125349 0
31 0 3255988 0
31 0 1522322 0
31 0 112141 0
31 0 2040250 0
31 0 1369624 0
31 0 2475122 0
31 0 4078796 0
31 0 854213 0
31 0 3066450 0
31 0 149885 0
31 0 107841 0
31 0 349343 0
31 0 278656 0
31 0 2251222 0
31 0 180445 0
31 0 1350518 0
31 0 89 0
31 0 2775308 0
31 0 1520160 0
31 0 312386 0
31 0 3547224 0
31 0 2311789 1
31 0 3737170 0
31 0 2636870 0
31 0 3545351 0
31 0 3376009 0
31 0 2577732 1
31 0 805036 1
31 0 4154037 1
31 0 2331862 1
31 0 1728 0
31 0 2520977 0
31 0 3218700 1
31 0 1571656 0
31 0 2261557 0
31 0 4124969 1
31 0 2275400 0
31 0 780535 0
31 0 1455619 0
31 0 118458 0
31 0 361289 0
31 0 213186 0
31 0 2112671 0
31 0 1158666 0
31 0 1484052 0
31 0 3999244 0
31 0 3467226 0
31 0 3064454 0
31 0 2630594 0
31 0 807354 0
31 0 2398693 0
31 0 4116969 0
31 0 2576825 0
31 0 179735 0
31 0 785208 0
31 0 2318170 0
31 0 4107413 0
31 0 3014466 0
31 0 2962941 0
31 0 195687 0
31 0 3156297 0
31 0 118023 0
31 0 4156357 3
31 0 1042511 0
31 0 195692 0
31 0 2962935 0
31 0 766845 0
31 0 161369 0
31 0 3151897 3
31 0 454675 0
31 0 1458610 0
31 0 3005362 3
31 0 2511584 0
31 0 257923 0
31 0 2274408 0
31 0 3047486 0
31 0 2472462 0
31 0 3009958 0
31 0 693382 0
31 0 1359420 0
31 0 118139 0
31 0 2396066 0
31 0 118455 0
31 0 112899 0
31 0 112836 0
31 0 118499 0
31 0 117963 0
31 0 2013 0
31 0 1456 0
31 0 1987879 0
31 0 112850 0
31 0 117924 0
31 0 219511 0
31 0 2966510 0
31 0 118303 0
31 0 2311007 0
31 0 15297 0
31 0 2053965 0
31 0 2145798 0
37 0 1971415 0
37 0 2138140 3
37 0 2522618 0
37 0 3025031 1
37 0 2452608 0
37 0 1464226 2
37 0 2976151 0
37 0 815144 0
37 0 3047309 0
37 0 75356 2
37 0 75357 2
37 0 773240 2
37 0 1493645 0
37 0 2391891 0
37 0 2967876 1
37 0 784649 0
37 0 4195635 2
37 0 2340028 0
37 0 2275407 1
37 0 2362877 0
37 0 2472264 2
37 0 1619666 0
37 0 1647441 1
37 0 184064 0
37 0 2412270 1
37 0 814490 2
37 0 2574626 0
37 0 3012968 1
37 0 2183 0
37 0 2316691 0
37 0 2324067 0
37 0 804694 2
37 0 1801911 2
37 0 803386 2
37 0 607115 0
37 0 1550043 0
37 0 1550531 0
37 0 2419316 2
37 0 2295945 2
37 0 2995919 1
37 0 778697 1
37 0 3010241 2
37 0 716617 2
37 0 171152 2
37 0 4180164 1
37 0 4180768 1
37 0 4182423 1
37 0 2413846 0
37 0 2361571 1
37 0 2503482 2
37 0 2816310 0
37 0 782721 1
37 0 2113195 2
37 0 2409723 2
37 0 1525112 0
37 0 2664575 0
37 0 2474823 0
37 0 7141 0
37 0 3173093 0
37 0 2971669 3
37 0 2388240 3
37 0 2981278 1
37 0 1272595 0
37 0 783833 0
37 0 2525311 3
37 0 3019008 2
37 0 744106 1
37 0 3017277 0
37 0 725025 0
37 0 2995557 0
37 0 776784 0
37 0 1943828 0
37 0 3024027 0
37 0 2363123 0
37 0 788676 3
37 0 1393806 0
37 0 769334 0
37 0 3024991 0
37 0 156357 1
37 0 2285464 0
37 0 792576 1
37 0 509546 2
37 0 692985 0
37 0 2338258 1
37 0 1645504 1
37 0 1441979 1
37 0 1569640 3
37 0 781322 0
37 0 3019884 0
37 0 751385 1
37 0 793629 0
37 0 2566911 1
37 0 2306697 2
37 0 732427 2
37 0 2319711 1
37 0 2361478 2
37 0 2471265 1
37 0 1835867 1
37 0 222416 1
37 0 2363129 1
37 0 767025 1
37 0 3031015 0
37 0 2474478 1
37 0 3039974 0
37 0 2518652 0
37 0 617599 1
37 0 199464 0
37 0 773709 0
37 0 3011130 3
37 0 762759 2
37 0 580903 0
37 0 2414999 0
37 0 2562288 0
37 0 214431 1
37 0 616493 1
37 0 626261 1
37 0 570917 0
37 0 2185179 1
37 0 3019401 1
37 0 805355 0
37 0 781544 0
37 0 2472418 1
37 0 2429851 0
37 0 780440 1
37 0 2577243 0
37 0 662462 1
37 0 1355189 2
37 0 2336304 3
37 0 3011426 2
37 0 2306532 0
37 0 45667 1
37 0 748037 0
37 0 2337154 1
37 0 2346738 3
37 0 1681098 1
37 0 3030588 1
37 0 3015077 1
37 0 806044 3
37 0 799786 0
37 0 2675655 0
37 0 1356030 3
37 0 156612 2
37 0 3065378 3
37 0 3064991 3
37 0 77661 1
37 0 2387592 1
37 0 3037001 0
37 0 1214542 3
37 0 1441415 2
37 0 767883 2
37 0 705962 0
37 0 67525 1
37 0 751647 0
37 0 1598226 1
37 0 789689 0
37 0 187101 0
37 0 215153 1
37 0 2533261 1
37 0 1835844 0
37 0 145629 0
37 0 145855 0
37 0 768014 0
37 0 2662793 0
37 0 145731 0
37 0 3024347 0
37 0 2163181 2
37 0 1361921 1
37 0 1464064 2
37 0 19790 3
37 0 2816865 0
37 0 777668 0
37 0 613389 1
37 0 2656175 0
37 0 472 0
37 0 857890 0
37 0 1945004 0
37 0 794016 0
37 0 2248810 0
37 0 3277334 0
37 0 2283026 1
37 0 3787441 0
37 0 2316785 2
37 0 2568 1
37 0 1945350 2
37 0 3052897 2
37 0 2830308 3
37 0 112910 0
37 0 4154432 0
37 0 30775 0
37 0 1993216 0
37 0 3132571 3
37 0 1605880 1
37 0 4151829 0
37 0 4154603 3
37 0 2335103 0
37 0 2474257 0
37 0 2665024 0
37 0 2146317 0
37 0 2316942 0
37 0 2665555 0
37 0 118269 0
37 0 2476316 0
37 0 2664511 0
37 0 1569669 0
37 0 3015613 1
37 0 2475001 0
37 0 2665074 0
37 0 2568053 0
37 0 1894703 0
39 0 3203655 0
39 0 2369809 0
39 0 2413116 3
39 0 1885967 1
39 0 1001297 0
39 0 1450273 1
39 0 2267974 0
39 0 801773 1
39 0 1886220 1
39 0 2340178 1
39 0 1459936 0
39 0 2381141 0
39 0 2569168 0
39 0 2443407 0
39 0 783796 2
39 0 3404182 0
39 0 373810 0
39 0 398677 0
39 0 1207955 0
39 0 1759521 0
39 0 464755 0
39 0 2515728 0
39 0 4057255 0
39 0 2395380 0
39 0 2400477 0
39 0 569097 0
39 0 2657450 0
39 0 1359710 0
39 0 3548927 0
39 0 2266672 0
39 0 2176845 0
39 0 172095 0
39 0 275863 0
39 0 172832 0
39 0 379298 0
39 0 3682952 0
39 0 762487 0
39 0 553439 0
39 0 2804222 0
39 0 2167032 0
39 0 182162 0
39 0 1093999 0
39 0 70219 0
39 0 2519576 0
39 0 1958171 0
39 0 155815 0
39 0 2510707 0
39 0 2474173 0
39 0 2292709 3
39 0 721354 0
39 0 70223 0
39 0 741898 0
39 0 657247 0
39 0 1459822 0
39 0 2681317 0
39 0 3178637 0
39 0 4193436 0
39 0 2854847 0
39 0 2857272 0
39 0 786657 1
39 0 38599 3
39 0 614580 0
39 0 498388 3
39 0 458680 3
39 0 412126 2
39 0 382938 2
39 0 555044 1
39 0 2385714 3
39 0 105200 0
39 0 2470196 3
39 0 363080 1
39 0 173793 3
39 0 413188 2
39 0 1466888 0
39 0 1616895 0
39 0 2352964 0
39 0 804105 0
39 0 2708555 0
39 0 1559434 0
39 0 3508885 0
39 0 2145224 0
39 0 28401 0
39 0 776642 0
39 0 346721 0
39 0 2275598 0
39 0 220054 0
39 0 2497027 0
39 0 2978190 0
39 0 531086 0
39 0 1882780 0
39 0 212199 0
39 0 718606 0
39 0 810818 0
39 0 2272850 0
39 0 200364 0
39 0 730528 0
39 0 699249 0
39 0 2425087 0
39 0 2344213 1
39 0 2466278 0
39 0 694393 0
39 0 2131097 0
39 0 3132836 0
39 0 112568 0
39 0 1523134 0
39 0 4154602 3
39 0 70216 0
39 0 660228 0
39 0 741159 0
39 0 32257 0
39 0 2148137 0
39 0 2654942 0
39 0 3204918 0
39 0 2681962 0
39 0 3206414 0
39 0 3203656 0
39 0 2771249 0
39 0 3178597 0
39 0 3204917 0
39 0 2828438 3
39 0 2997045 1
39 0 2394006 2
39 0 790810 2
39 0 1419737 3
39 0 2646289 3
39 0 771186 1
39 0 173974 3
39 0 1886 1
39 0 2534093 0
39 0 2365273 0
39 0 547217 2
39 0 1456393 1
39 0 2470195 0
39 0 1976835 3
39 0 1454215 1
39 0 3049659 1
39 0 151307 1
39 0 1494581 0
39 0 2682380 2
39 0 2676872 2
39 0 3066124 2
39 0 1388760 2
39 0 1393451 1
39 0 1900614 3
39 0 1519608 1
39 0 2374962 1
39 0 810018 2
39 0 210962 0
39 0 2527418 0
39 0 725578 0
39 0 1379188 0
39 0 1952439 1
39 0 709490 0
39 0 2426884 1
39 0 442927 0
39 0 2293601 1
39 0 1641585 1
39 0 4031454 0
39 0 1395441 0
39 0 2114127 1
39 0 4114978 0
39 0 711134 1
39 0 2578421 1
39 0 2365024 1
39 0 836581 0
39 0 2035970 0
39 0 2290759 0
39 0 117950 0
39 0 429401 1
39 0 1409909 1
39 0 2451852 1
39 0 1526428 0
39 0 2513232 2
39 0 2402365 3
39 0 1889873 2
39 0 266643 0
39 0 2147386 0
39 0 1802132 0
39 0 1379197 0
39 0 2648678 2
39 0 1033906 2
39 0 416493 1
39 0 86777 0
39 0 1422385 1
39 0 2355186 0
39 0 1622372 1
39 0 531902 1
39 0 1816149 3
39 0 27248 0
39 0 2431469 0
39 0 2524334 0
39 0 1020326 2
39 0 719731 1
39 0 533578 1
39 0 2571982 1
39 0 1442761 0
39 0 361957 0
39 0 4096474 0
39 0 796124 0
39 0 3178557 0
45 0 214097 1
45 0 797989 0
45 0 2959840 0
45 0 772270 2
45 0 73435 0
45 0 1454159 0
45 0 740 0
45 0 2998970 1
45 0 2977780 0
45 0 2081 0
45 0 2460728 1
45 0 3047227 0
45 0 3003167 0
45 0 76744 1
45 0 2676435 2
45 0 772987 2
45 0 199345 1
45 0 791715 0
45 0 776124 1
45 0 3014345 0
45 0 2804144 2
45 0 78442 0
45 0 3049320 0
45 0 618680 0
45 0 2994876 2
45 0 73437 0
45 0 73440 0
45 0 3043098 0
45 0 1249434 0
45 0 3002135 0
45 0 164822 1
45 0 2677533 2
45 0 868234 0
45 0 215925 0
45 0 790732 2
45 0 2997850 2
45 0 2423234 2
45 0 785283 1
45 0 75274 2
45 0 763238 0
45 0 1360489 2
45 0 1385548 0
45 0 815442 2
45 0 2824262 1
45 0 3038217 0
45 0 3001393 0
45 0 3053881 3
45 0 181571 0
45 0 2994880 1
45 0 772368 1
45 0 2569966 0
45 0 2995325 0
45 0 775657 0
45 0 2415007 0
45 0 806043 2
45 0 1024298 0
45 0 76824 0
45 0 65740 0
45 0 3046990 0
45 0 2959908 1
45 0 2377112 0
45 0 3064723 2
45 0 3064798 2
45 0 1460568 0
45 0 796478 0
45 0 1043396 2
45 0 792694 3
45 0 3035198 3
45 0 793538 3
45 0 3036448 3
45 0 38092 0
45 0 1041793 0
45 0 1085588 0
45 0 854535 1
45 0 795858 0
45 0 3039025 0
45 0 855401 2
45 0 174855 1
45 0 174936 1
45 0 793851 2
45 0 2677667 0
45 0 3036829 2
45 0 793346 0
45 0 3149286 0
45 0 1269183 0
45 0 790162 0
45 0 3031706 0
45 0 2407644 1
45 0 774868 1
45 0 183793 1
45 0 146206 1
45 0 62993 1
45 0 2673096 1
45 0 2657397 1
45 0 65361 2
45 0 1263666 2
45 0 2596720 0
45 0 2671189 3
45 0 182277 1
45 0 672102 0
45 0 4195148 1
45 0 787690 1
45 0 3013818 1
45 0 2782335 0
45 0 1189568 0
45 0 3045711 3
45 0 4080381 0
45 0 2681631 0
45 0 173368 0
45 0 791011 0
45 0 4148424 0
45 0 2638 0
45 0 180446 0
45 0 3050359 1
45 0 3036824 3
45 0 185962 0
45 0 2406538 0
45 0 70816 0
45 0 2489268 0
45 0 172239 0
45 0 203627 0
45 0 1988650 0
45 0 3052225 0
45 0 798154 0
45 0 185226 0
45 0 145854 0
45 0 2513586 0
45 0 70815 0
45 0 717526 0
45 0 2509186 0
45 0 2641547 0
45 0 3049826 0
45 0 2968142 0
45 0 806703 3
45 0 3051751 3
45 0 3003426 0
45 0 2999416 0
45 0 795140 0
45 0 3038114 0
45 0 868384 0
45 0 2668357 0
45 0 2572510 0
45 0 179363 0
45 0 744140 0
45 0 671443 0
45 0 2152356 0
45 0 792053 0
45 0 762153 0
45 0 786994 0
45 0 2804673 0
45 0 3006619 0
45 0 4121004 0
45 0 4017089 0
45 0 4172498 3
45 0 2824545 0
45 0 1033262 0
45 0 3207119 0
45 0 3204917 0
45 0 3178914 0
45 0 4184653 0
45 0 4184788 0
45 0 3197060 0
45 0 4092199 0
45 0 4092575 0
45 0 3169947 3
45 0 112715 0
45 0 4104963 0
45 0 2750100 0
45 0 72462 0
45 0 118400 0
45 0 745459 0
45 0 793148 0
45 0 71036 0
45 0 800567 0
45 0 3005411 0
45 0 63194 0
45 0 1361998 3
45 0 3049678 3
45 0 793738 3
45 0 3069413 0
45 0 774129 3
45 0 1290636 3
45 0 1208351 0
45 0 2806919 0
45 0 3181524 3
45 0 1208554 0
45 0 4172168 0
45 0 866024 0
45 0 858802 0
45 0 2783877 0
45 0 3066149 0
45 0 4196499 0
45 0 2760738 0
45 0 2789869 0
45 0 781484 3
45 0 3003055 3
45 0 118362 0
45 0 1290194 3
45 0 3027638 0
45 0 3052589 0
51 0 1231407 0
51 0 2377831 0
51 0 1305545 0
51 0 2770713 0
51 0 1466834 0
51 0 2678316 0
51 0 623583 1
51 0 2660311 0
51 0 2805741 0
51 0 33418 0
51 0 2355293 0
51 0 867021 0
51 0 4189718 0
51 0 3018803 0
51 0 2798993 0
51 0 2001497 0
51 0 2117189 0
51 0 1485517 0
51 0 1248284 0
51 0 1259293 0
51 0 593248 1
51 0 1474779 1
51 0 564444 1
51 0 1531424 0
51 0 2682823 0
51 0 534112 0
51 0 3074272 0
51 0 611710 0
51 0 1457681 0
51 0 2685927 0
51 0 4120495 0
51 0 4008992 0
51 0 391010 0
51 0 1460008 0
51 0 1896631 2
51 0 185342 0
51 0 1887954 0
51 0 2006653 0
51 0 384987 0
51 0 2473367 1
51 0 1959348 0
51 0 1367063 0
51 0 518773 0
51 0 2152317 0
51 0 1992000 0
51 0 2508703 0
51 0 4109999 0
51 0 4066899 0
51 0 187232 0
51 0 1826140 0
51 0 1888197 0
51 0 2470022 0
51 0 4186735 0
51 0 2662501 0
51 0 2735176 0
51 0 371145 0
51 0 2472493 3
51 0 2765257 0
51 0 4044709 0
51 0 2759759 0
51 0 2476692 1
51 0 1915802 0
51 0 3230571 0
51 0 96290 0
51 0 2677417 0
51 0 2651226 0
51 0 3185602 0
51 0 3194228 0
51 0 4181213 0
51 0 3156417 0
51 0 2801021 0
51 0 2781204 0
51 0 2780942 0
51 0 587349 0
51 0 3005590 0
51 0 4155573 0
51 0 4198942 0
51 0 1704275 0
51 0 1691468 0
51 0 2837527 0
51 0 2188246 0
51 0 1585839 1
51 0 2406637 1
51 0 13154 0
51 0 2716735 0
51 0 3686217 0
51 0 491064 0
51 0 2397868 0
51 0 1524249 0
51 0 2317784 0
51 0 3778502 0
51 0 98744 0
51 0 4173180 0
51 0 3196893 0
51 0 4157032 0
51 0 2709052 0
51 0 2958749 0
51 0 2067795 0
51 0 416518 0
51 0 1942071 0
51 0 1699441 0
51 0 1626130 0
51 0 2774015 0
51 0 2660811 2
51 0 25903 0
51 0 1474158 0
51 0 4036565 1
51 0 2982579 0
51 0 4146619 0
51 0 4067592 0
51 0 2416579 3
51 0 766423 0
51 0 2267638 0
51 0 3023639 0
51 0 84894 0
51 0 3183082 0
51 0 433584 0
51 0 1608010 2
51 0 112898 0
51 0 2523081 0
51 0 2540708 3
51 0 1307808 0
51 0 2563697 1
51 0 112934 0
51 0 117956 0
51 0 2298426 1
51 0 2298368 1
51 0 3010002 0
51 0 2356342 0
51 0 187236 3
51 0 2350863 2
51 0 105869 0
51 0 5111 0
51 0 586866 0
51 0 2516293 0
51 0 1468090 2
51 0 3199680 3
51 0 763309 2
51 0 1740455 2
51 0 2593920 1
51 0 1461048 1
51 0 1419807 2
51 0 2357950 2
51 0 70272 2
51 0 695621 2
51 0 2286828 2
51 0 2388300 3
51 0 1526691 2
51 0 564959 2
51 0 2743626 3
51 0 112770 2
51 0 4151831 3
51 0 1652269 0
51 0 111094 0
51 0 2659973 0
51 0 2261892 0
51 0 795431 0
51 0 3019756 0
51 0 112931 0
51 0 2967619 0
51 0 3163016 0
51 0 3050239 0
51 0 1057415 0
51 0 3050039 0
51 0 2485175 0
51 0 2425933 0
51 0 110599 0
51 0 766217 0
51 0 1601074 0
51 0 2485876 0
51 0 2800123 0
51 0 3113708 0
51 0 1862459 0
51 0 660680 1
51 0 156683 0
51 0 3021722 0
51 0 2308513 0
51 0 2146153 0
51 0 2666564 0
51 0 3113705 0
51 0 1525341 0
51 0 3009683 1
51 0 672049 1
51 0 756405 0
51 0 2526793 0
51 0 2978477 0
51 0 1192246 0
51 0 339093 0
51 0 1684302 0
51 0 2848933 0
51 0 2848932 0
51 0 1495920 0
51 0 1400009 0
51 0 2701671 0
51 0 3161995 0
51 0 2743314 0
51 0 2356495 0
51 0 13563 0
51 0 747753 0
51 0 184890 0
51 0 216212 0
51 0 2577330 0
51 0 3187917 0
51 0 2708583 0
97 0 3061726 0
97 0 515514 0
97 0 3163960 3
97 0 179146 0
97 0 2256403 1
97 0 1997368 3
97 0 2510278 1
97 0 1041301 0
97 0 3195305 0
97 0 3702414 2
97 0 3341358 0
97 0 2568934 1
97 0 28981 2
97 0 3136096 0
97 0 2592997 2
97 0 2140974 0
97 0 1511777 1
97 0 2124494 2
97 0 3734840 0
97 0 3769339 1
97 0 1522839 1
97 0 677757 1
97 0 2248770 0
97 0 1468135 1
97 0 2267219 0
97 0 1871730 2
97 0 468735 2
97 0 1959537 2
97 0 2138487 3
97 0 1469358 1
97 0 4103522 0
97 0 2704917 1
97 0 759493 0
97 0 110146 0
97 0 781597 0
97 0 4013819 0
97 0 1466160 0
97 0 787759 3
97 0 1579591 3
97 0 1850757 2
97 0 2254366 3
97 0 1739933 2
97 0 1457580 1
97 0 2260014 1
97 0 2413996 2
97 0 1978999 2
97 0 3335022 2
97 0 2577365 1
97 0 3336531 1
97 0 2295553 0
97 0 1882582 2
97 0 2524885 1
97 0 2430718 0
97 0 1066561 1
97 0 1835389 1
97 0 1477286 3
97 0 2134271 2
97 0 2365517 0
97 0 1975948 3
97 0 2280208 0
97 0 2655678 0
97 0 1262404 2
97 0 1426005 2
97 0 1437350 1
97 0 1411546 2
97 0 2557251 3
97 0 1654976 1
97 0 2184728 0
97 0 1466184 0
97 0 2586109 0
97 0 706996 0
97 0 421195 0
97 0 714863 0
97 0 210122 0
97 0 890289 0
97 0 2263344 0
97 0 1516109 0
97 0 87870 0
97 0 4119673 0
97 0 96558 0
97 0 91496 0
97 0 1472070 2
97 0 237537 0
97 0 2620362 0
97 0 2567370 0
97 0 758401 0
97 0 2634159 0
97 0 740405 0
97 0 746910 0
97 0 2808294 0
97 0 2806208 0
97 0 772644 0
97 0 610553 0
97 0 194806 0
97 0 2962032 0
97 0 455770 0
97 0 183941 0
97 0 136993 0
97 0 3689948 2
97 0 531896 2
97 0 2512833 2
97 0 1457796 1
97 0 2332525 2
97 0 2340415 2
97 0 4170683 3
97 0 2225156 1
97 0 2164041 2
97 0 1461594 3
97 0 2273784 3
97 0 2257440 1
97 0 3349695 2
97 0 2575528 1
97 0 3351421 2
97 0 112101 1
97 0 1461559 1
97 0 3351237 0
97 0 867269 1
97 0 931121 0
97 0 453018 0
97 0 785524 3
97 0 449498 0
97 0 2111849 3
97 0 2449763 0
97 0 2756798 3
97 0 2655597 0
97 0 112574 0
97 0 118253 0
97 0 131164 0
97 0 111366 0
97 0 557990 0
97 0 2959750 0
97 0 2811844 0
97 0 2418844 0
97 0 4111590 1
97 0 2624145 0
97 0 4105781 3
97 0 2504930 1
97 0 1226147 0
97 0 2813536 3
97 0 2252892 1
97 0 2827288 1
97 0 2661277 0
97 0 2164703 0
97 0 2732517 0
97 0 76407 0
97 0 2602409 0
97 0 1690961 2
97 0 2789203 0
97 0 1155335 1
97 0 2500666 0
97 0 2359966 0
97 0 2580627 2
97 0 1482401 0
97 0 2297523 3
97 0 2798646 1
97 0 1822047 0
97 0 2474281 1
97 0 2813538 3
97 0 1526700 1
97 0 2469422 2
97 0 791130 0
97 0 779012 0
97 0 2776551 1
97 0 1917042 2
97 0 2663699 0
97 0 1515287 0
97 0 3352058 0
97 0 3169921 0
97 0 2651115 0
97 0 779341 0
97 0 521940 0
97 0 744754 0
97 0 1459097 1
97 0 2484765 0
97 0 2266072 2
97 0 2396729 0
97 0 2540364 1
97 0 2288530 0
97 0 2288330 0
97 0 1541336 1
97 0 2255399 0
97 0 2195458 0
97 0 757042 0
97 0 771920 1
97 0 2107653 0
97 0 1853415 1
97 0 2740669 0
97 0 1479778 1
97 0 1912081 0
97 0 2470556 1
97 0 2008776 3
97 0 385703 0
97 0 2842083 1
97 0 2661129 2
97 0 3163770 0
97 0 817649 0
97 0 2577396 1
97 0 28423 0
97 0 149209 0
97 0 1464659 1
97 0 6456 0
97 0 1959038 1
97 0 668570 0
97 0 3725391 2
97 0 1982689 1
97 0 3126724 1
97 0 63261 0
97 0 679126 0
97 0 586845 0
